
Constraints File: 1; Temperature: 10000, Final Temp: 1, Iterations: 100, Reduction Rate: 0.750000, VNS: 1, K: 1000
Day 0 	3 0 3 3 0 3 0 0 0 0 0 0 0 0 0 0 0 1 0 0 1 1 0 3 0 
Day 1 	1 1 1 1 3 3 0 0 1 0 1 1 3 1 1 1 1 1 1 1 1 3 3 3 1 
Day 2 	0 3 2 0 3 0 3 2 0 2 0 0 0 3 0 0 0 0 0 0 0 0 0 0 0 
Day 3 	2 0 3 2 3 2 2 0 2 2 0 2 3 2 2 3 2 2 3 2 2 3 2 3 2 
Day 4 	3 3 3 3 3 3 3 3 3 3 3 3 3 3 3 3 3 3 3 3 3 3 3 3 3 
Day 5 	1 3 3 3 3 3 3 1 3 3 2 3 1 3 3 1 1 1 2 2 3 1 2 3 1 
Day 6 	3 3 3 3 3 3 3 3 3 3 3 3 3 3 3 3 3 3 3 3 3 3 3 3 3 
Final cost: 1516 
Constraints File: 2; Temperature: 10000, Final Temp: 1, Iterations: 100, Reduction Rate: 0.750000, VNS: 1, K: 1000
Day 0 	3 0 3 3 0 3 0 0 0 0 0 0 0 0 0 0 0 1 0 0 1 1 0 3 0 
Day 1 	1 1 1 1 3 3 0 0 1 0 1 1 3 1 1 1 1 1 1 1 1 3 3 3 1 
Day 2 	0 3 2 0 3 0 3 2 0 2 0 0 0 3 0 0 0 0 0 0 0 0 0 0 0 
Day 3 	2 0 3 2 3 2 2 0 2 2 0 2 3 2 2 3 2 2 3 2 2 3 2 3 2 
Day 4 	3 3 3 3 3 3 3 3 3 3 3 3 3 3 3 3 3 3 3 3 3 3 3 3 3 
Day 5 	1 3 3 3 3 3 3 1 3 3 2 3 1 3 3 1 1 1 2 2 3 1 2 3 1 
Day 6 	3 3 3 3 3 3 3 3 3 3 3 3 3 3 3 3 3 3 3 3 3 3 3 3 3 
Final cost: 1516 
Constraints File: 3; Temperature: 10000, Final Temp: 1, Iterations: 100, Reduction Rate: 0.750000, VNS: 1, K: 1000
Day 0 	3 0 3 3 0 3 0 0 0 0 0 0 0 0 0 0 0 1 0 0 0 1 0 3 1 
Day 1 	1 1 1 1 3 3 0 0 1 0 1 1 3 1 1 1 1 1 1 1 1 3 3 3 1 
Day 2 	0 3 2 0 3 0 3 2 0 2 0 0 0 3 0 0 0 0 0 0 0 0 0 0 0 
Day 3 	2 0 3 2 3 2 2 0 2 2 0 2 3 2 2 3 2 2 3 2 2 3 2 3 2 
Day 4 	3 3 3 3 3 3 3 3 3 3 3 3 3 3 3 3 3 3 3 3 3 3 3 3 3 
Day 5 	1 3 3 3 3 3 3 1 3 3 2 3 1 3 3 1 1 1 2 2 3 1 2 3 1 
Day 6 	3 3 3 3 3 3 3 3 3 3 3 3 3 3 3 3 3 3 3 3 3 3 3 3 3 
Final cost: 1216 